-1.100000453999297633e+03
-8.100011106882367358e+02
-5.760026837010232157e+02
-3.920063831737588771e+02
-2.520148725130599985e+02
-1.500336897349954484e+02
-8.007326255555493333e+01
-3.614936120510358819e+01
-1.227067056647322474e+01
-2.367879441171442334e+00
0.000000000000000000e+00
2.718281828459045091e+00
1.877811219786130081e+01
7.825661076956299667e+01
2.663926001325769448e+02
8.420657955128830281e+02
2.600572760956410548e+03
7.970432108999209959e+03
2.429566389633382641e+04
7.357575534817845619e+04
