1.000000453999297605e+02
8.100012340980408965e+01
6.400033546262790196e+01
4.900091188196555692e+01
3.600247875217666405e+01
2.500673794699908470e+01
1.601831563888873333e+01
9.049787068367864507e+00
4.135335283236612369e+00
1.367879441171442334e+00
1.000000000000000000e+00
3.718281828459045091e+00
1.138905609893065041e+01
2.908553692318766792e+01
7.059815003314423620e+01
1.734131591025765999e+02
4.394287934927351102e+02
1.145633158428458501e+03
3.044957987041728302e+03
8.184083927575384223e+03
